RA DEC g_mag g_mag_err r_mag r_mag_err i_mag i_mag_err
52.945812 -29.543115 14.848 0.014 14.388 0.036 14.222 0.055
52.859079 -29.559223 15.811 0.022 15.216 0.035 14.964 0.055
52.928762 -29.546104 14.926 0.015 14.414 0.029 14.232 0.059
52.909100 -29.504945 14.001 0.016 13.564 0.027 13.410 0.080
52.623199 -29.599122 16.359 0.000 15.787 0.000 "" ""
52.623265 -29.599006 16.283 0.000 15.878 0.000 15.920 0.000
52.605891 -29.593793 15.508 0.036 14.416 0.042 13.958 0.057
52.645063 -29.570654 17.049 0.021 16.307 0.023 "" ""
52.645353 -29.571016 17.007 0.043 16.328 0.000 16.291 0.000
52.614488 -29.556128 17.010 0.000 16.726 0.000 16.583 0.000
52.541044 -29.517476 14.560 0.126 13.991 0.136 13.766 0.128
52.736845 -29.581681 16.824 0.056 16.275 0.168 16.081 0.000
52.739434 -29.590275 16.524 0.064 16.166 0.057 16.143 0.000
52.726872 -29.584566 14.904 0.013 14.254 0.047 13.992 0.052
52.757679 -29.590846 16.411 0.056 15.534 0.044 15.162 0.048
52.784422 -29.585035 11.674 0.019 11.093 0.038 10.893 0.050
52.674743 -29.589412 14.956 0.020 14.284 0.026 14.018 0.038
52.742569 -29.500936 16.985 0.009 16.478 0.074 16.313 0.000
52.840120 -29.517405 17.386 0.057 16.096 0.000 15.309 0.008
52.862842 -29.511232 17.323 0.046 16.197 0.051 15.868 0.046
52.788919 -29.503378 12.004 0.020 11.703 0.030 11.599 0.064
52.740895 -29.490409 "" "" "" "" 16.044 0.152
52.828323 -29.452923 10.230 0.109 9.526 0.032 9.279 0.033
52.838866 -29.455155 15.482 0.045 15.006 0.065 14.832 0.087
52.819020 -29.421458 16.687 0.050 15.960 0.061 15.816 0.101
52.642847 -29.523979 15.050 0.014 14.460 0.030 14.236 0.082
52.647791 -29.494112 14.757 0.019 14.281 0.056 14.074 0.041
52.625657 -29.489367 18.053 0.035 17.581 0.000 "" ""
52.619359 -29.488989 14.757 0.000 14.241 0.027 14.063 0.046
52.577377 -29.487484 15.315 0.009 14.889 0.016 14.732 0.038
52.637212 -29.467048 12.356 0.013 11.669 0.031 11.382 0.045
52.673696 -29.435003 16.802 0.038 16.369 0.055 16.164 0.041
52.734149 -29.477990 15.109 0.025 14.650 0.034 14.538 0.068
52.741411 -29.436309 13.259 0.021 12.786 0.035 12.600 0.051
52.747839 -29.434746 "" "" "" "" "" ""
52.747896 -29.434744 15.191 0.018 14.779 0.049 14.648 0.045
52.713103 -29.454959 16.323 0.014 15.352 0.028 14.956 0.117
52.711314 -29.461362 15.244 0.026 14.822 0.052 14.659 0.077
52.729445 -29.432029 11.639 0.015 10.878 0.029 10.558 0.047
52.796847 -29.389366 16.059 0.014 15.590 0.016 15.316 0.000
52.796611 -29.389273 16.041 0.023 15.568 0.095 15.447 0.116
52.753421 -29.399782 12.552 0.025 12.165 0.044 12.015 0.059
52.756167 -29.414815 12.688 0.024 12.371 0.030 12.230 0.058
52.702169 -29.408388 13.300 0.021 13.008 0.026 12.902 0.041
52.655972 -29.406856 17.446 0.105 16.123 0.093 15.187 0.181
52.740669 -29.374318 11.795 0.025 11.693 0.019 11.662 0.061
52.694488 -29.354820 16.026 0.031 15.388 0.035 15.164 0.078
52.747670 -29.326465 "" "" "" "" "" ""
52.235962 -29.540458 17.442 0.059 16.066 0.000 15.300 0.092
52.177889 -29.521435 15.937 0.027 15.380 0.053 15.188 0.074
