RA DEC Gmag_Vega Gmag_Vega_err Gmag_AB
63.43437146947 -56.40025963950 18.2817 0.0024 18.201700000000002
63.46499500235 -56.39489485962 19.3877 0.0104 19.3077
63.47755000203 -56.36520923510 20.9870 0.0290 20.907
63.47944964358 -56.37725156189 18.0066 0.0022 17.9266
63.22970680394 -56.43930590142 19.3904 0.0044 19.3104
63.24289732804 -56.43712569685 18.9497 0.0037 18.8697
63.16288756121 -56.43863677249 19.8020 0.0059 19.722
63.16469596519 -56.43377596590 19.8950 0.0056 19.815
63.19196920577 -56.43350084772 20.3229 0.0076 20.242900000000002
63.21334830858 -56.42027328310 12.4899 0.0003 12.4099
63.20518414632 -56.41414456279 19.8457 0.0052 19.765700000000002
63.25065918788 -56.42089533265 18.2978 0.0019 18.2178
63.26302931811 -56.43392367199 16.4142 0.0008 16.334200000000003
63.26730922251 -56.41113502843 17.5028 0.0014 17.422800000000002
63.27475767644 -56.41413874664 19.4882 0.0038 19.4082
63.26639027847 -56.40764181310 20.5137 0.0094 20.4337
63.20638182786 -56.37950389733 19.8371 0.0057 19.7571
63.20746584089 -56.39075205373 18.3587 0.0019 18.2787
63.20840141537 -56.38256649758 12.8106 0.0003 12.7306
63.20643041393 -56.38906680632 20.3986 0.0085 20.3186
63.21728682256 -56.36253898940 16.1932 0.0007 16.113200000000003
63.22084723642 -56.36150380693 19.0826 0.0033 19.0026
63.22359421609 -56.35809499242 17.1857 0.0010 17.105700000000002
63.39740619118 -56.40173683986 16.6488 0.0009 16.568800000000003
63.38234587156 -56.38903505072 15.1054 0.0004 15.0254
63.41539844478 -56.40656704636 13.1662 0.0004 13.0862
63.34110230598 -56.40777740311 16.8145 0.0009 16.7345
63.35420436832 -56.39110890380 20.3663 0.0075 20.2863
63.32907740568 -56.38532223194 18.0501 0.0016 17.970100000000002
63.32579866726 -56.38994286590 20.5692 0.0100 20.4892
63.36941073101 -56.39819682382 20.7422 0.0147 20.662200000000002
63.35153573297 -56.40815762840 20.4391 0.0079 20.3591
63.32132966059 -56.39253052679 20.2174 0.0159 20.137400000000003
63.38262641888 -56.37606671967 17.6530 0.0014 17.573
63.37902338017 -56.38221342785 20.3081 0.0081 20.2281
63.44692399784 -56.37219161625 17.9243 0.0024 17.8443
63.43550721055 -56.39520985720 19.1055 0.0038 19.0255
63.41006821070 -56.36128332094 16.7760 0.0012 16.696
63.41879957517 -56.36078512006 19.3579 0.0057 19.277900000000002
63.44554734056 -56.37222893608 20.5134 0.0109 20.433400000000002
63.42679859646 -56.35388130063 20.6211 0.0104 20.5411
63.43181444776 -56.33800017436 16.0829 0.0018 16.0029
63.43825305893 -56.34654849273 16.9444 0.0011 16.864400000000003
63.43033121270 -56.32940658292 20.2605 0.0070 20.180500000000002
63.38053638529 -56.36569099655 15.4935 0.0005 15.413499999999999
63.37538156956 -56.33430585641 18.6171 0.0027 18.537100000000002
63.37469339774 -56.35866952713 18.4413 0.0025 18.3613
63.38785673578 -56.35068530715 17.5407 0.0012 17.460700000000003
63.39824621201 -56.32055058918 20.5305 0.0087 20.4505
63.41948012421 -56.32437541023 14.9553 0.0004 14.8753
