USNO-B1.0 RAJ2000 DEJ2000 e_RAJ2000 e_DEJ2000 Epoch pmRA pmDE Ndet B1mag R1mag B2mag R2mag Imag
0387-0059840 99.033831 -51.295312 98 150 1984.6 0 0 4 "" 20.24 20.63 20.31 18.95
0387-0059841 99.034050 -51.233156 203 83 1984.6 -2 12 4 "" 16.47 17.84 16.59 16.15
0387-0059842 99.035234 -51.293034 465 59 1984.5 0 0 2 "" "" 21.24 20.72 ""
0387-0059843 99.036498 -51.231339 103 97 1984.6 0 0 4 "" 19.52 19.80 19.01 18.73
0387-0059844 99.036720 -51.258531 39 70 1984.6 0 0 4 "" 18.02 19.84 18.10 17.61
0387-0059845 99.037489 -51.240445 46 16 1984.6 0 0 4 "" 15.79 17.07 15.96 15.34
0387-0059846 99.037998 -51.265942 106 145 1984.6 0 0 4 "" 18.73 19.84 19.04 18.28
0387-0059847 99.038417 -51.252817 122 250 1984.5 0 0 2 "" "" 21.00 19.76 ""
0387-0059848 99.041450 -51.292995 209 168 1984.6 -10 102 4 "" 14.14 16.67 14.48 13.18
0387-0059849 99.042264 -51.244750 65 49 1984.6 0 0 4 "" 15.27 16.86 15.36 14.75
0387-0059850 99.042381 -51.296220 222 122 1984.6 -10 26 4 "" 16.13 17.85 16.01 15.31
0387-0059851 99.042550 -51.210259 52 72 1984.6 0 0 4 "" 18.12 19.99 17.64 16.30
0387-0059852 99.046275 -51.272659 75 50 1984.6 0 0 4 "" 17.20 18.13 17.18 17.08
0387-0059853 99.046595 -51.276617 204 92 1987.1 18 28 3 "" 20.01 "" 20.48 18.49
0387-0059854 99.048059 -51.206623 100 126 1984.6 0 0 4 "" 19.82 21.27 19.74 17.54
0387-0059855 99.049089 -51.215231 73 86 1984.6 0 0 4 "" 18.48 19.54 18.45 17.81
0387-0059856 99.056481 -51.293659 262 119 1988.6 0 0 2 "" "" "" 18.67 17.47
0387-0059857 99.057095 -51.263495 178 139 1984.6 0 0 4 "" 19.95 20.32 18.97 18.59
0387-0059858 99.057759 -51.211892 132 50 1984.6 0 0 4 "" 18.61 19.67 18.18 17.84
0387-0059859 99.057887 -51.295100 38 56 1984.6 0 0 4 "" 12.34 13.87 12.27 10.93
0387-0059860 99.059334 -51.263773 108 95 1984.6 0 0 4 "" 18.58 18.80 18.31 17.57
0387-0059861 99.060159 -51.208617 162 31 1984.6 -12 -26 4 "" 17.90 20.00 17.84 16.13
0387-0059862 99.060314 -51.282239 147 99 1984.6 6 16 4 "" 16.41 18.08 16.40 15.93
0387-0059863 99.060528 -51.221992 59 114 1984.6 0 0 4 "" 19.77 21.19 19.72 18.82
0387-0059864 99.061539 -51.294575 999 192 1984.7 -188 88 3 "" "" 19.82 18.37 18.12
0387-0059865 99.063625 -51.209612 234 73 1987.1 0 0 3 "" 20.10 "" 19.65 18.89
0387-0059866 99.063892 -51.216262 507 370 1980.5 0 0 2 "" 19.89 21.12 "" ""
0387-0059867 99.064481 -51.274506 89 51 1984.6 0 0 4 "" 15.91 16.97 15.36 15.26
0387-0059868 99.065350 -51.298134 999 999 1984.5 0 0 2 "" "" 21.75 20.16 ""
0387-0059869 99.066212 -51.208445 122 31 1984.6 0 0 4 "" 19.03 20.07 19.00 18.66
0387-0059870 99.066337 -51.271325 294 478 1984.4 0 0 3 "" 19.71 21.41 20.40 ""
0387-0059871 99.068939 -51.294464 999 213 1984.7 0 0 3 "" "" 20.05 17.83 16.62
0387-0059872 99.071250 -51.297778 63 209 1984.6 0 0 4 "" 17.30 19.22 17.00 16.45
0387-0059873 99.071720 -51.214100 162 610 1984.5 0 0 2 "" "" 21.15 20.51 ""
0387-0059874 99.071920 -51.234259 51 110 1984.6 0 0 4 "" 17.97 19.01 17.72 17.74
0387-0059875 99.074431 -51.233012 128 85 1984.6 0 0 4 "" 19.56 21.10 19.62 17.66
0387-0059876 99.075514 -51.287175 631 999 1984.5 0 0 2 "" "" 20.52 19.84 ""
0387-0059877 99.075612 -51.294339 0 0 2000.0 2 -2 0 11.78 10.27 11.24 10.21 9.79
0387-0059878 99.075795 -51.299050 431 389 1984.5 0 0 2 "" "" 19.47 19.83 ""
0387-0059879 99.076745 -51.215931 55 66 1984.6 0 0 4 "" 16.96 18.84 17.08 16.83
0387-0059880 99.081039 -51.228287 49 3 1984.6 0 0 4 "" 14.92 16.28 15.11 14.50
0387-0059881 99.082434 -51.224153 144 204 1984.6 -24 16 4 "" 16.70 18.14 16.39 15.84
0387-0059882 99.083334 -51.267284 126 132 1984.6 0 0 4 "" 19.19 20.12 19.15 18.71
0387-0059883 99.083928 -51.294264 343 350 1981.1 0 0 2 "" "" 20.58 "" 18.05
0387-0059884 99.084112 -51.200917 19 47 1984.6 0 0 4 "" 17.49 18.57 17.43 17.28
0387-0059885 99.084825 -51.203003 50 195 1984.5 0 0 2 "" "" 21.64 20.30 ""
0387-0059886 99.085750 -51.256475 46 53 1984.6 0 0 4 "" 17.25 18.07 17.28 17.13
0387-0059887 99.085950 -51.210567 40 107 1984.6 0 0 4 "" 16.04 18.48 16.07 15.38
0387-0059888 99.086645 -51.283387 0 845 1988.0 0 0 2 "" 20.08 "" 20.27 ""
0387-0059889 99.087045 -51.289767 28 82 1984.6 0 0 4 "" 17.86 18.73 18.15 17.68
