RA DEC R1mag R2mag Imag
61.168542 -55.017595 19.14 19.40 18.29
61.173278 -55.000739 "" "" 17.05
61.177231 -55.018450 "" 25.90 18.71
61.179409 -55.019364 18.77 19.75 18.53
61.180242 -55.014375 18.83 18.45 ""
61.182842 -55.036581 17.45 17.99 18.40
61.182939 -55.036878 "" 17.82 18.41
61.183770 -55.008067 "" 23.20 18.52
61.184070 -55.036653 "" "" 18.72
61.184078 -55.030595 "" 25.02 18.61
61.184292 -55.030814 "" 19.53 18.64
61.184681 -55.098500 16.04 16.26 14.35
61.185223 -55.046362 17.60 18.79 18.71
61.185398 -55.049509 "" 19.77 18.61
61.185798 -55.098659 "" "" 18.69
61.185803 -55.001245 "" "" 16.31
61.185842 -55.045859 "" 28.33 18.39
61.186867 -55.002259 16.64 16.16 16.10
61.187698 -55.068231 18.04 18.50 18.39
61.188181 -55.017592 18.11 18.54 18.65
61.188617 -55.014698 "" 24.67 18.73
61.189398 -55.015142 "" 20.34 ""
61.190656 -55.003309 "" "" 18.69
61.193484 -55.061712 17.27 16.64 17.55
61.194889 -55.030906 19.64 19.78 ""
61.196839 -55.031859 17.96 17.97 18.42
61.197364 -55.032298 "" 18.61 18.15
61.199256 -55.082309 18.32 18.92 ""
61.199356 -55.024348 "" 19.73 ""
61.205906 -55.013045 19.35 19.30 18.69
61.210928 -55.061506 "" 18.42 17.89
61.213995 -55.064628 17.78 18.85 18.53
61.217303 -55.095962 17.17 16.66 17.99
61.217414 -55.048356 18.35 19.56 18.25
61.218570 -55.065592 15.67 16.67 14.09
61.223220 -55.052909 14.10 18.81 12.67
61.223334 -55.056017 18.27 18.89 18.71
61.223692 -55.056223 18.46 18.74 18.47
61.223881 -55.043748 "" 18.22 18.53
61.224814 -55.016395 17.60 17.34 17.78
61.226214 -55.068737 "" 20.63 ""
61.227289 -55.046634 16.17 16.84 15.67
61.228420 -55.047414 "" "" 18.74
61.228498 -55.068673 16.84 16.12 17.18
61.229012 -55.043684 13.33 21.25 11.86
61.230564 -55.069425 "" 17.63 18.60
61.230603 -55.041906 "" 17.13 18.57
61.230748 -55.068931 "" 17.10 18.48
61.232703 -55.022703 14.26 18.78 12.18
61.233467 -55.042278 18.29 16.49 18.74
